.key <- "8d569f4a70e1abf84cd23350522b479216d008c4"
.geo <- "county"
.dir <- "_debug_data/census"
.workers <- 25
.retry <- 5
.progress <- TRUE
.age = TRUE
.sex = TRUE
